64 132
01 12  
01 15
01 16
01 18
01 19
01 22
01 23
01 24
02 44
02 46
02 48
02 52
02 49
02 53
03 17
03 21
03 26
04 33
04 34
05 06
05 09
05 13
05 08
06 10
06 11
07 08
07 14
07 62
08 13
08 14
09 11
09 12
09 16
09 15
09 13
10 11
10 12
10 18
10 17
11 12
12 18
12 16
13 14
13 15
14 62
14 15
14 23
14 28
15 16
15 23
17 18
17 21
18 21
18 19
19 21
19 22
21 26
21 22
22 26
22 24
23 24
23 27
23 28
24 25
24 27
24 26
25 26
25 27
27 28
28 29
29 30
30 31
31 32
32 33
33 34
34 35
34 36
35 36
35 37
35 38
36 38
37 38
37 39
38 39
38 40
39 40
39 41
40 41
40 42
40 63
41 42
41 45
42 63
42 45
42 47
42 48
42 43
43 48
43 44
43 46
43 63
44 48
44 46
45 47
46 49
47 48
47 52
48 52
49 53
49 50
50 51
50 55
50 53
51 55
51 54
53 55
53 56
53 57
54 55
54 64
54 60
54 61
55 57
55 64
56 58
57 64
57 58
58 59
59 64
59 60
60 64
60 61